#C (F)	U (V)	I (mA)	P (W)	cos()	PF	phi (st)
0.1000000000	53.0000000000	2.0000000000	0.0100000000	0.0943396226	0	84.5866877260
0.2000000000	53.0000000000	3.0000000000	0.0230000000	0.1446540881	0	81.6827512876
0.3000000000	53.0000000000	5.0000000000	0.0440000000	0.1660377358	0	80.4424760486
0.4000000000	53.0000000000	7.0000000000	0.0750000000	0.2021563342	0	78.3369160113
0.5000000000	52.8000000000	9.0000000000	0.1260000000	0.2651515152	0	74.6240439557
0.6000000000	52.9000000000	12.0000000000	0.1960000000	0.3087586641	0	72.0155622496
0.7000000000	52.9000000000	14.0000000000	0.2970000000	0.4010261950	0	66.3576534313
0.8000000000	52.9000000000	17.0000000000	0.4270000000	0.4748137440	0.4800000000	61.6527763857
0.9000000000	52.8000000000	19.0000000000	0.5870000000	0.5851275917	0.5700000000	54.1879957084
1.0000000000	52.8000000000	22.0000000000	0.7790000000	0.6706267218	0.6700000000	47.8845460689
1.1000000000	52.7000000000	24.0000000000	0.9620000000	0.7605945604	0.7500000000	40.4833589089
1.2000000000	52.6000000000	26.0000000000	1.1300000000	0.8262649898	0.8200000000	34.2830477985
1.3000000000	52.5000000000	28.0000000000	1.2780000000	0.8693877551	0.8800000000	29.6124295371
1.4000000000	52.4000000000	29.0000000000	1.4020000000	0.9226112135	0.9200000000	22.6891407578
1.6000000000	52.4000000000	30.0000000000	1.5430000000	0.9815521628	0.9700000000	11.0225043131
1.7000000000	52.3000000000	31.0000000000	1.5800000000	0.9745266144	0.9900000000	12.9600659998
1.8000000000	52.1000000000	31.0000000000	1.6150000000	0.9999380843	1.0000000000	0.6375880409
1.9000000000	52.2000000000	31.0000000000	1.6190000000	1.0004943765	1.0000000000	0.0000000000
2.0000000000	52.2000000000	31.0000000000	1.6180000000	0.9998764059	1.0000000000	-0.9008261873
2.2000000000	52.4000000000	31.0000000000	1.6180000000	0.9960600837	1.0000000000	-5.0877272413
2.4000000000	52.6000000000	31.0000000000	1.6110000000	0.9879798847	0.9900000000	-8.8925830784
2.6000000000	52.5000000000	31.0000000000	1.5750000000	0.9677419355	0.9800000000	-14.5925506020
2.8000000000	52.6000000000	30.0000000000	1.5420000000	0.9771863118	0.9700000000	-12.2620903357
3.0000000000	52.6000000000	30.0000000000	1.5100000000	0.9569074778	0.9600000000	-16.8814842161
3.5000000000	52.5000000000	29.0000000000	1.4400000000	0.9458128079	0.9300000000	-18.9481507878
4.0000000000	52.5000000000	29.0000000000	1.3860000000	0.9103448276	0.9200000000	-24.4469522824
4.5000000000	52.6000000000	28.0000000000	1.3390000000	0.9091526344	0.9000000000	-24.6114867080
5.0000000000	52.7000000000	28.0000000000	1.2980000000	0.8796421795	0.8800000000	-28.4007701692
6.0000000000	52.7000000000	27.0000000000	1.2400000000	0.8714596950	0.8600000000	-29.3712889225
7.0000000000	52.7000000000	27.0000000000	1.2000000000	0.8433480919	0.8500000000	-32.5046228165
8.0000000000	52.7000000000	27.0000000000	1.1700000000	0.8222643896	0.8400000000	-34.6878855302
9.0000000000	52.6000000000	26.0000000000	1.1440000000	0.8365019011	0.8300000000	-33.2274481864
10.0000000000	52.8000000000	26.0000000000	1.1260000000	0.8202214452	0.8200000000	-34.8930325855
